Algorithm: A*
Heuristic function: CountingTilesOutOfPlace()

Initial state
===============
1 0 3 
7 2 4 
8 6 5 

state: 1
==========
1 2 3 
7 0 4 
8 6 5 

state: 2
==========
1 2 3 
7 6 4 
8 0 5 

state: 3
==========
1 2 3 
0 7 4 
8 6 5 

state: 4
==========
1 2 3 
7 6 4 
8 5 0 

state: 5
==========
1 2 3 
7 4 0 
8 6 5 

state: 6
==========
1 2 3 
7 6 4 
0 8 5 

state: 7
==========
1 2 3 
7 4 5 
8 6 0 

state: 8
==========
1 2 3 
0 6 4 
7 8 5 

state: 9
==========
1 2 3 
7 0 4 
8 6 5 

state: 10
==========
0 1 3 
7 2 4 
8 6 5 

state: 11
==========
1 0 3 
7 2 4 
8 6 5 

state: 12
==========
1 2 3 
7 0 4 
8 6 5 

state: 13
==========
1 3 0 
7 2 4 
8 6 5 

state: 14
==========
1 0 3 
7 2 4 
8 6 5 

state: 15
==========
1 0 3 
7 2 4 
8 6 5 

state: 16
==========
1 2 3 
7 0 4 
8 6 5 

state: 17
==========
1 2 3 
7 0 4 
8 6 5 

state: 18
==========
1 2 3 
7 0 4 
8 6 5 

state: 19
==========
1 2 3 
8 7 4 
0 6 5 

state: 20
==========
1 2 3 
7 0 4 
8 6 5 

state: 21
==========
1 2 3 
6 0 4 
7 8 5 

state: 22
==========
1 2 3 
7 6 4 
8 0 5 

state: 23
==========
1 2 3 
0 7 4 
8 6 5 

state: 24
==========
1 2 3 
7 4 0 
8 6 5 

state: 25
==========
1 2 3 
0 6 4 
7 8 5 

state: 26
==========
1 2 3 
7 6 4 
0 8 5 

state: 27
==========
0 2 3 
1 6 4 
7 8 5 

state: 28
==========
1 2 3 
7 6 4 
8 0 5 

state: 29
==========
1 2 3 
7 4 5 
8 0 6 

state: 30
==========
1 2 3 
0 6 4 
7 8 5 

state: 31
==========
1 2 3 
7 6 4 
8 5 0 

state: 32
==========
1 2 3 
7 6 4 
0 8 5 

state: 33
==========
1 2 3 
7 4 5 
8 6 0 

state: 34
==========
1 2 3 
7 4 5 
0 8 6 

state: 35
==========
1 3 4 
7 2 0 
8 6 5 

state: 36
==========
1 2 3 
0 6 4 
7 8 5 

state: 37
==========
1 2 3 
7 4 5 
8 6 0 

state: 38
==========
0 2 3 
1 7 4 
8 6 5 

state: 39
==========
1 2 3 
7 4 0 
8 6 5 

state: 40
==========
1 2 3 
7 6 4 
8 0 5 

state: 41
==========
1 2 3 
7 6 4 
8 5 0 

state: 42
==========
1 2 0 
7 4 3 
8 6 5 

state: 43
==========
1 2 3 
0 7 4 
8 6 5 

state: 44
==========
1 2 3 
8 7 4 
6 0 5 

state: 45
==========
1 2 3 
6 4 0 
7 8 5 

state: 46
==========
1 2 3 
7 6 4 
0 8 5 

state: 47
==========
1 2 3 
0 7 4 
8 6 5 

state: 48
==========
1 2 3 
7 6 0 
8 5 4 

state: 49
==========
1 2 3 
7 6 4 
8 0 5 

state: 50
==========
1 2 3 
7 4 0 
8 6 5 

state: 51
==========
1 2 3 
6 4 5 
7 8 0 

state: 52
==========
1 2 3 
7 6 4 
8 5 0 

state: 53
==========
1 2 3 
7 0 6 
8 5 4 

state: 54
==========
1 2 3 
7 6 4 
0 8 5 

state: 55
==========
1 2 3 
7 5 6 
8 0 4 

state: 56
==========
1 2 3 
0 6 4 
7 8 5 

state: 57
==========
1 2 3 
7 5 6 
8 4 0 

state: 58
==========
1 2 3 
7 5 6 
0 8 4 

state: 59
==========
1 2 3 
7 4 5 
8 6 0 

state: 60
==========
1 2 3 
0 5 6 
7 8 4 

state: 61
==========
1 2 3 
7 6 4 
8 5 0 

state: 62
==========
1 2 3 
0 6 4 
7 8 5 

state: 63
==========
7 1 3 
0 2 4 
8 6 5 

state: 64
==========
1 2 3 
8 7 4 
6 5 0 

state: 65
==========
1 2 3 
0 7 4 
8 6 5 

state: 66
==========
1 2 3 
7 4 0 
8 6 5 

state: 67
==========
1 2 3 
7 6 4 
8 0 5 

state: 68
==========
1 2 3 
7 4 5 
8 6 0 

state: 69
==========
1 2 3 
7 6 4 
8 5 0 

state: 70
==========
1 2 3 
7 6 4 
0 8 5 

state: 71
==========
1 2 3 
7 4 0 
8 6 5 

state: 72
==========
1 2 3 
0 6 4 
7 8 5 

state: 73
==========
1 2 3 
7 4 5 
8 6 0 

state: 74
==========
1 2 3 
0 7 4 
8 6 5 

state: 75
==========
1 2 3 
7 4 0 
8 6 5 

state: 76
==========
1 2 3 
7 6 4 
8 5 0 

state: 77
==========
1 2 3 
7 6 4 
8 0 5 

state: 78
==========
1 2 3 
7 4 5 
8 6 0 

state: 79
==========
1 2 3 
7 4 0 
8 6 5 

state: 80
==========
1 2 3 
0 7 4 
8 6 5 

state: 81
==========
1 2 3 
0 7 4 
8 6 5 

state: 82
==========
1 2 3 
7 6 4 
8 0 5 

state: 83
==========
1 2 3 
0 7 4 
8 6 5 

state: 84
==========
1 3 4 
7 2 5 
8 6 0 

state: 85
==========
1 2 3 
7 6 4 
0 8 5 

state: 86
==========
1 2 3 
7 6 4 
8 5 0 

state: 87
==========
1 2 3 
7 6 4 
0 8 5 

state: 88
==========
1 2 3 
7 4 5 
8 6 0 

state: 89
==========
1 2 3 
0 6 4 
7 8 5 

state: 90
==========
1 2 3 
7 6 4 
0 8 5 

state: 91
==========
1 2 3 
0 6 4 
7 8 5 

state: 92
==========
1 2 3 
7 4 0 
8 6 5 

state: 93
==========
1 2 3 
7 6 4 
8 5 0 

state: 94
==========
1 2 3 
0 6 4 
7 8 5 

state: 95
==========
1 2 3 
0 4 5 
7 8 6 

state: 96
==========
1 2 3 
7 4 5 
8 6 0 

state: 97
==========
1 2 3 
7 4 5 
8 6 0 

state: 98
==========
1 2 3 
4 0 5 
7 8 6 

state: 99
==========
1 2 3 
7 6 4 
8 0 5 

state: 100
==========
1 2 3 
0 6 4 
7 8 5 

state: 101
==========
1 2 3 
4 5 0 
7 8 6 

state: 102
==========
1 2 3 
4 5 6 
7 8 0 

Goal reached!
Number of steps: 102
--------------------------------------------------

Algorithm: A*
Heuristic function: DistanceOfTilesOutOfPlace()

Initial state
===============
1 0 3 
7 2 4 
8 6 5 

state: 1
==========
1 2 3 
7 0 4 
8 6 5 

state: 2
==========
1 2 3 
7 6 4 
8 0 5 

state: 3
==========
1 2 3 
7 4 0 
8 6 5 

state: 4
==========
1 2 3 
7 6 4 
8 5 0 

state: 5
==========
1 2 3 
7 6 4 
0 8 5 

state: 6
==========
1 2 3 
7 4 5 
8 6 0 

state: 7
==========
1 2 3 
0 6 4 
7 8 5 

state: 8
==========
1 2 3 
7 4 5 
8 0 6 

state: 9
==========
1 2 3 
7 4 5 
0 8 6 

state: 10
==========
1 2 3 
0 4 5 
7 8 6 

state: 11
==========
1 2 3 
4 0 5 
7 8 6 

state: 12
==========
1 2 3 
4 5 0 
7 8 6 

state: 13
==========
1 2 3 
4 5 6 
7 8 0 

Goal reached!
Number of steps: 13
--------------------------------------------------
